北京时间: 2024-06-19 14:56:09
  
btc: 65530.00000000
  
sum: 14479.325290

