北京时间: 2024-06-19 14:25:21
  
btc: 65494.00000000
  
sum: 14407.673005

