北京时间: 2024-06-19 14:06:09
  
btc: 65449.99000000
  
sum: 14337.728466

